
                                                                               Default input energy boundries (MeV) for BINNED GAMMA LINES (keV)-----------------------------------------------------------------


123 Energy bins, 124 values for bin edges

1.200000E+02
1.279000E+02
1.412000E+02
1.547622E+02
1.686104E+02
1.827396E+02
1.971438E+02
2.118176E+02
2.267561E+02
2.419549E+02
2.574097E+02
2.731169E+02
2.890728E+02
3.052741E+02
3.217179E+02
3.384013E+02
3.553215E+02
3.724761E+02
3.898626E+02
4.074788E+02
4.253226E+02
4.433919E+02
4.616849E+02
4.801996E+02
4.989345E+02
5.178877E+02
5.370578E+02
5.564430E+02
5.760422E+02
5.958537E+02
6.158764E+02
6.361089E+02
6.565500E+02
6.771985E+02
6.980532E+02
7.191130E+02
7.403768E+02
7.618437E+02
7.835127E+02
8.053828E+02
8.274528E+02
8.497221E+02
8.721899E+02
8.948550E+02
9.177169E+02
9.407747E+02
9.640275E+02
9.874746E+02
1.011115E+03
1.034949E+03
1.058975E+03
1.083192E+03
1.107600E+03
1.132199E+03
1.156987E+03
1.181964E+03
1.207129E+03
1.232482E+03
1.258023E+03
1.283750E+03
1.309663E+03
1.335762E+03
1.362046E+03
1.388514E+03
1.415167E+03
1.442003E+03
1.469022E+03
1.496224E+03
1.523608E+03
1.551174E+03
1.578921E+03
1.606849E+03
1.634958E+03
1.663247E+03
1.691715E+03
1.720363E+03
1.749189E+03
1.778194E+03
1.807378E+03
1.836739E+03
1.866277E+03
1.895992E+03
1.925884E+03
1.955953E+03
1.986197E+03
2.016618E+03
2.047213E+03
2.077984E+03
2.108929E+03
2.140049E+03
2.171343E+03
2.202811E+03
2.234452E+03
2.266267E+03
2.298254E+03
2.330415E+03
2.362748E+03
2.395252E+03
2.427929E+03
2.460778E+03
2.493797E+03
2.526988E+03
2.560350E+03
2.593882E+03
2.627585E+03
2.661458E+03
2.695500E+03
2.729713E+03
2.764095E+03
2.798646E+03
2.833366E+03
2.868254E+03
2.903311E+03
2.938537E+03
2.973931E+03
3.009492E+03
3.045221E+03
3.081118E+03
3.117182E+03
3.153413E+03
3.189811E+03
3.226376E+03
3.263107E+03
3.300000E+03

